50.000000 1.000000 15.000000 10000000000.000000 0.030000 1.000000 4.061453e-01 1 5.939550e-01 7.680734e-01 8.454450e-01 8.265196e+01 9.840174e-01 4.074663e-01 5.954000e-01 0 1 2.609857e+01 2.632197e+01 9.844055e-01 2.274638e-01 3.426231e-01 2.528446e-01 1.222582e-01 4.287993e-02 1.193032e-02 2.894311e-01 
55.000000 1.000000 16.500000 10000000000.000000 0.030000 1.000000 3.636431e-01 1 5.868600e-01 7.281096e-01 8.524500e-01 9.190299e+01 9.861976e-01 3.655187e-01 5.896000e-01 0 1 2.996592e+01 3.022652e+01 9.863955e-01 1.950532e-01 3.242993e-01 2.664002e-01 1.418294e-01 5.594852e-02 1.646935e-02 2.549612e-01 
60.000000 1.000000 18.000000 10000000000.000000 0.030000 1.000000 3.253489e-01 1 5.737950e-01 6.885402e-01 8.449750e-01 1.027253e+02 9.881865e-01 3.266387e-01 5.765500e-01 0 1 3.383960e+01 3.372685e+01 9.881908e-01 1.680168e-01 3.067706e-01 2.725673e-01 1.594521e-01 6.963649e-02 2.355663e-02 2.256079e-01 
65.000000 1.000000 19.500000 10000000000.000000 0.030000 1.000000 2.904508e-01 1 5.559650e-01 6.496057e-01 8.295750e-01 1.153419e+02 9.898470e-01 2.923783e-01 5.572000e-01 0 1 3.864114e+01 3.878725e+01 9.901069e-01 1.459902e-01 2.851696e-01 2.774979e-01 1.778569e-01 8.327974e-02 3.020574e-02 2.003857e-01 
70.000000 1.000000 21.000000 10000000000.000000 0.030000 1.000000 2.614907e-01 1 5.382800e-01 6.139983e-01 8.126600e-01 1.301870e+02 9.911924e-01 2.593898e-01 5.336750e-01 0 1 4.294517e+01 4.295205e+01 9.913668e-01 1.254527e-01 2.673754e-01 2.796694e-01 1.914751e-01 9.720244e-02 3.882503e-02 1.772243e-01 
75.000000 1.000000 22.500000 10000000000.000000 0.030000 1.000000 2.321569e-01 1 5.125050e-01 5.735348e-01 7.840850e-01 1.467138e+02 9.924656e-01 2.300791e-01 5.077500e-01 0 1 4.758089e+01 4.820837e+01 9.927273e-01 1.089390e-01 2.478386e-01 2.774408e-01 2.051782e-01 1.124505e-01 4.815287e-02 1.574978e-01 
80.000000 1.000000 24.000000 10000000000.000000 0.030000 1.000000 2.055831e-01 1 4.852850e-01 5.341049e-01 7.521150e-01 1.634590e+02 9.935379e-01 2.071193e-01 4.874500e-01 0 1 5.250451e+01 5.288590e+01 9.934166e-01 9.424459e-02 2.272624e-01 2.741089e-01 2.175343e-01 1.274862e-01 5.936363e-02 1.394666e-01 
85.000000 1.000000 25.500000 10000000000.000000 0.030000 1.000000 1.839879e-01 1 4.608300e-01 5.003148e-01 7.199500e-01 1.813845e+02 9.944586e-01 1.865957e-01 4.655750e-01 0 1 5.757567e+01 5.771715e+01 9.942388e-01 8.220362e-02 2.109567e-01 2.694741e-01 2.274193e-01 1.411169e-01 6.882939e-02 1.243519e-01 
90.000000 1.000000 27.000000 10000000000.000000 0.030000 1.000000 1.641010e-01 1 4.348200e-01 4.668231e-01 6.836000e-01 2.058525e+02 9.952244e-01 1.632966e-01 4.336750e-01 0 1 6.301286e+01 6.271780e+01 9.952892e-01 7.213506e-02 1.943769e-01 2.624609e-01 2.352663e-01 1.542925e-01 8.146827e-02 1.112518e-01 
95.000000 1.000000 28.500000 10000000000.000000 0.030000 1.000000 1.452619e-01 1 4.069650e-01 4.325917e-01 6.478550e-01 2.288430e+02 9.958891e-01 1.477459e-01 4.128500e-01 0 1 6.916392e+01 7.027925e+01 9.959266e-01 6.321664e-02 1.785785e-01 2.563828e-01 2.402318e-01 1.682487e-01 9.334166e-02 9.920395e-02 
100.000000 1.000000 30.000000 10000000000.000000 0.030000 1.000000 1.298093e-01 1 3.829050e-01 4.030049e-01 6.092150e-01 2.624729e+02 9.964188e-01 1.286244e-01 3.797250e-01 0 1 7.523393e+01 7.624638e+01 9.964977e-01 5.396764e-02 1.658957e-01 2.466551e-01 2.457083e-01 1.821374e-01 1.056359e-01 8.746839e-02 
